STATEMENT OF ALL VOTES CAST

AT THE
SPECIAL ELECTION

TOWN OF LOS ALTOS HELLS
MEASURES

HELD ON
JUNE 6,1989

IN THE
COUNTY OF SANTA CLARA

STATE OF CALIFORNIA

6/12/99

W

02

s<-

9-

>

. .-PCT 2334
2386-PCT 2336

2389-	PCT 2389

2390-	PCT 2390

2391-	PCT 2391

ABSENTEE TOTALS
GRAND TOTALS

U

LOS ALTOS SD		PARCEL TAX-TOWN OF LOS	ALTOS	HILLS SPECIAL ELECTION.		JUNE 6. 1939
		TOWN OF LOS ALTOS	HILLS	SPECIAL ELECTION		MEASURES 8 AND C
			Z	Z	z	z
			Q	0	0	0
			N	N	N	N
			I	I	I	I
			N	N	N	N
			G	G	G	G
			I	I	M	M
			N	N	E	E
			I	I	A	A
			T	T	S	S
			I	I	u	u
R	9		A	A	R	R
E	A		T	T	E	E
6	L		I	I		
X	L		,1 V	V	M	
S	0		E E	E	E	
T	T	T	A		A	
R	S	0	S		S	
A		R	U		u	
T	C	N	R -	—	R -	-
I	A	0	e v		e y	
0	S	u	E	N	E	N
N	T	T	9 S	0	c s	0
Hfr	m	34.6  44.3	m	m	lit	ns
121?	554	45.5	343	194	133	398
m	554  339	44.1  31.3	Ilf	193  123	14sl	III
5654  5654	233  2495	4.1  44.1	149  1583	CO  -r-o	613	

i

r
c
n
C;
C
( ■
c
o
o
o

G

O

G

G

©

o

G

Q

I





LOS ALTOS SO ®ARC=L TAX-TOWN OF LOS ALTOS HILLS SPECIAL ELECTION, JUNE 6, 1989

01

2126

2301-

2305*

2306-

2308*

2321*

2323-

2326-

2330*

1333*

2340*

2342*

234S*

2347*

2349

2386*

2389*

2390*

2427*

2431*

2434

2436

2479

2824

2833

2834
237,1
2872

2374

2375

PCT 2126
PCT 2301
PCT 2305
PCT 2306
PCT 2308
PCT 2321
PCT 2323
PCT.2326
PCT 2330
PCT 2333
PCT 2340
PCT 2342
tPCT 2345
PCT 2347
PCT 2349
■PCT 2386
PCT 2389
■PCT 2390
■PCT 2427
■PCT 2431
■PCT 2434
■PCT 2436
•PCT 2479
•PCT 2824
■PCT 2833
■PCT 2834
•PCT 2871
-PCT 2872
PCT 2874
PCT 2875

A3SENTEE TOTALS
GRAND TOTALS

LOS ALTOS SCHOOL DISTRICT SPECIAL ELECTION

			S	
			P	P
			E	E
			C	C
			I	I
			A	A
			L	L
			P	P
			A	A
			R	R
			C	C
R	B		E	E
e	A		L	L
s	L			
i	L		M T	T
s	0		E A	A
T	T	T	A X	X
R	S	U	S	
A		R	u	
T	C	N	R -	—
I	A	0	E Y	
0	S	U	E	H
N	T	T	A S	0
55	11	20.3	3	8
808	238	29.5	177	59
939	307	32.7	193	109
1107	448	40.5	322	123
1220	499	40.9	381	114
1048	421	40.2	314	107
911	241	26.5	153	81
1293	513	39.7	392	117
1117	391	35.3	270	120
1070	342	32.0	230	110
1071	. 432	40.3	324	105
838	■287	34.2	195	90
1058	426	40.3	287	137
1007	376	37.3	277	98
1066	328	30.8	204	114
867	384	44.3	198	171
1217	554	45.5	386	149
1256	554	44.1	353	180
864	39	10.3	52	37
858	272	31.7	173	92
850	222	26.1	146	75
923	329	35.6	214	110
1041	57	5.5	36	21
984	257	26.1	177	78
838	209	24.9	137	71
613	155	25.3	108	47
78	23	29.5	9	13
4	0	0.0	0	0
	10	22.2	3	6
39	29	32.5	23	8
25135	917	3.6	551	340
25135	9321	37.1	6295	2890

MEASURE A

2126

2301

2305

2306

2308

2321

2323

2326

2330

2333

2340

2342

2345

2347

2349

2386

2389

2390

2427

2431

2434

2436

2479

2824

2833

2834

2871

2872

2874

2875

LOS ALTOS SO PARCEL TAX-TOWN OF LOS ALTOS HILLS SPECIAL ELECTION, JUNE 6, 1989

LOS ALTOS SCHOOL DISTRICT SPECIAL ELECTION

			S	S
			P	P
			LM E	E
			OE C	C
			SA I	I
			S A	A
			A L LA	L
			T P	P
			0 A	A
			S R	R
			C	C
R	B		SV E	E
E	A		CO L	L
G	L		HT	
I	L		E T	T
S	0		D A	A
T	T	T	IF X	X
R	S	U	SO	
A		R	TR	
T	C	N	R -	-
I	A	0	10 V	
0	S	U	CN E	N
N	T	T	TE S	0
55	1 1	20.0	3	8
808	238	29.5	177	59
939	307	32.7	193	109
1107	447	40.4	321	123
1220	497	40.7	379	1 14
1048	421	40.2	314	107
911	241	26.5	158	81
1293	513	39.7	392	1 17
1 117	391	35.0	270	120
1070	342	32.0	230	1 10
1071	432	40.3	324	105
838	286	34.1	195	89
1058	426	40.3	287	1 37
1007	376	37.3	277	98
1066	327	30.7	203	1 14
867	384	44.3	198	171
1217	553	45.4	385	149
1256	552	43.9	351	180
864	89	10.3	52	37
858	271	31.6	177	92
850	222	26.1	146	75
923	329	35.6	214	1 10
1041	57	5.5	36	21
984	257	26.1	177	78
838	209	24.9	137	71
613	155	25.3	108	47
78	20	25.6	7	12
4	0	0.0	0	0
45	10	22.2	3	6
89	25	28.1	17	7
25135	878	3.5	526	327
25135	9266	36.9	—3257	2874

MEASURE A

LOS ALTOS SO PARCEL TAX-TOWN OF LOS ALTOS HILLS SPECIAL ELECTION, JUNE 6, 1989

6/07/89

02			TOWN OF	LOS ALTOS HILLS SPECIAL ELECTION			MEASURES B AND C
				Z	Z	Z	Z
				TM 0	0	TM 0	0
				OE N	N	OE N	N
				WA I	I	WA I	I
				NS N	N	NS N	N
				G	G	U G	G
				OB		OR	
				F I	I	FE M	M
				N	N	E	E
				L I	I	LC A	A
				0 T	T	0 S	S
				S I	I	S U	u
	R	B		V A	A	V R	R
	E	A		AO T	T	AO E	E
	G	L		LT I	I	LT	
	I	L		TE V	V	TE	
	S	0		0 E	E	0	
	T	T	T	SF		SF	
	R	S	U	0		0	
	A		R	HR		HR	
	T	C	N	I -	-	I -	-
	I	A	0	LO V		LO Y	
	0	S	u	LN E	N	LN E	N
	N	T	T	SE S	0	SE S	0
2384-PCT 2384	1247	428	34.3	316	1 10	76	337
2386-PCT 2386	867	384	44.3	225	154	1 11	260
2389-PCT 2389	1217	553	45.4	343	194	132	398
2390-PCT 2390	1256	552	43.9	336	191	139	385
2391-PCT 2391	1067	339	31 .8	211	123	84	240
ABSENTEE TOTALS	5654	216	3.8	146	60	60	146
GRAND TOTALS	5654	2472	43.7	1577	832	602	1766